linkage : ward
n_clusters : 6
silhouette_score : 0.2537695943060857

linkage : average
n_clusters : 6
silhouette_score : 0.21029769932379913

linkage : single
n_clusters : 6
silhouette_score : -0.11106803869427169

linkage : complete
n_clusters : 6
silhouette_score : 0.24591972732074335

