linkage : ward
n_clusters : 2
silhouette_score : 0.24418093101151334

linkage : average
n_clusters : 2
silhouette_score : 0.4763807066815255

linkage : single
n_clusters : 2
silhouette_score : 0.4763807066815255

linkage : complete
n_clusters : 2
silhouette_score : 0.4763807066815255

